GT #0
[[-0.91643482 -0.4001842   0.        ]
 [-0.4001842   0.91643473  0.        ]
 [-0.          0.         -1.00000008]]
[0.00401017 0.03246779 0.8       ]



Pred #0
[[-0.78520864 -0.6188248   0.02243562]
 [-0.61921924  0.78445125 -0.03469589]
 [ 0.00387102 -0.04113608 -0.99914604]]
[0.00398707 0.03243702 0.7998578 ]

AD: 0.0022982952703995787
TE: 0.00014732900308445096
RE: 14.863130284107406



GT #1
[[ 0.43450157 -0.90067108  0.        ]
 [-0.90067108 -0.43450159  0.        ]
 [-0.          0.         -1.00000001]]
[0.02619404 0.03120392 0.8       ]



Pred #0
[[-0.78520864 -0.6188248   0.02243562]
 [-0.61921924  0.78445125 -0.03469589]
 [ 0.00387102 -0.04113608 -0.99914604]]
[0.00398707 0.03243702 0.7998578 ]

AD: 0.025761925829581818
TE: 0.02224162593483925
RE: 77.52002406575204



Pred #1
[[ 0.69222504 -0.7201938  -0.0463186 ]
 [-0.72163445 -0.691487   -0.03300672]
 [-0.00825747  0.05627317 -0.9983813 ]]
[0.02623497 0.03127841 0.80011946]

AD: 0.0028123277776088288
TE: 0.0001466011453885585
RE: 18.357533649435396



GT #2
[[-0.99353467  0.11352938  0.        ]
 [ 0.11352938  0.99353464  0.        ]
 [ 0.          0.         -1.00000003]]
[-0.02778144 -0.03375568  0.8       ]



Pred #0
[[-0.78520864 -0.6188248   0.02243562]
 [-0.61921924  0.78445125 -0.03469589]
 [ 0.00387102 -0.04113608 -0.99914604]]
[0.00398707 0.03243702 0.7998578 ]

AD: 0.0707669467233199
TE: 0.07342160493135452
RE: 44.8421966459764



Pred #2
[[-0.82143414  0.5578536   0.11851273]
 [ 0.5452539   0.8291213  -0.12351508]
 [-0.16716474 -0.03683998 -0.98524046]]
[-0.02771695 -0.03379026  0.7996283 ]

AD: 0.004336256225377059
TE: 0.0003788300964515656
RE: 28.933736772713758



GT #3
[[-0.80682146 -0.59079536  0.        ]
 [-0.59079536  0.80682145  0.        ]
 [-0.          0.         -1.00000001]]
[-0.02215282  0.00400024  0.8       ]



Pred #0
[[-0.78520864 -0.6188248   0.02243562]
 [-0.61921924  0.78445125 -0.03469589]
 [ 0.00387102 -0.04113608 -0.99914604]]
[0.00398707 0.03243702 0.7998578 ]

AD: 0.03849364763142776
TE: 0.038625963032245636
RE: 3.1323343099315375



Pred #2
[[-0.82143414  0.5578536   0.11851273]
 [ 0.5452539   0.8291213  -0.12351508]
 [-0.16716474 -0.03683998 -0.98524046]]
[-0.02771695 -0.03379026  0.7996283 ]

AD: 0.03646317044979714
TE: 0.038199737668037415
RE: 70.57232937507072



Pred #3
[[-0.32009938  0.22169869  0.92107874]
 [-0.38113683  0.8599504  -0.33944064]
 [-0.8673356  -0.4597118  -0.19077209]]
[-0.01666382 -0.00734025  0.7999678 ]

AD: 0.01656094362318772
TE: 0.012599091976881027
RE: 83.19281713065634



Pred #4
[[-0.76678663 -0.63987756  0.05094228]
 [-0.6407621   0.76773834 -0.00136083]
 [-0.03823957 -0.03368535 -0.99870074]]
[-0.02233609  0.00408191  0.80003756]

AD: 0.0006478850496750579
TE: 0.00020412115554790944
RE: 4.661522988407573



GT #4
[[ 0.99921841 -0.03952928  0.        ]
 [-0.03952928 -0.99921842  0.        ]
 [-0.          0.         -1.00000001]]
[-0.01665416 -0.00733452  0.8       ]



Pred #0
[[-0.78520864 -0.6188248   0.02243562]
 [-0.61921924  0.78445125 -0.03469589]
 [ 0.00387102 -0.04113608 -0.99914604]]
[0.00398707 0.03243702 0.7998578 ]

AD: 0.04794353188390329
TE: 0.04480911046266556
RE: 139.47954115493314



Pred #2
[[-0.82143414  0.5578536   0.11851273]
 [ 0.5452539   0.8291213  -0.12351508]
 [-0.16716474 -0.03683998 -0.98524046]]
[-0.02771695 -0.03379026  0.7996283 ]

AD: 0.024777049222137613
TE: 0.028678037226200104
RE: 148.62906429004124



Pred #3
[[-0.32009938  0.22169869  0.92107874]
 [-0.38113683  0.8599504  -0.33944064]
 [-0.8673356  -0.4597118  -0.19077209]]
[-0.01666382 -0.00734025  0.7999678 ]

AD: 0.017335483097327423
TE: 3.409032797208056e-05
RE: 172.3185254695968
